#config.properties
#Sat Nov 11 15:15:19 PST 2017
key.defaultHeight=34.0
key.defaultWidth=129.0
calibration.point0.y=559.4083414161008
calibration.point1.x=764.5833333333333
calibration.point0.x=195.83333333333334
calibration.point2.y=745.635305528613
calibration.point3.x=230.20833333333331
calibration.point1.y=556.4985451018429
calibration.point2.x=753.125
calibration.point3.y=742.7255092143549
